Ursu,Lucian,1234567890123,2005-04-21,10|10|10|10|10|10|10|10,212,30,50
Bejenari,Roman,1234567890123,2005-04-21,9|9|9|9|9|9|9|9,212,30,60
Tuzov,Maxim,1234567890123,2024-10-01,8|8|8|8|8|8|8|8,212,30,60
Emilian,Cretu,1234567890123,2024-10-01,7|7|7|7|7|7|7|7,212,30,60
Maia,Sandu,1234567890123,2024-10-01,6|6|6|6|6|6|6|6,212,30,60
Usatii,Mircea,1234567890123,2024-10-01,5|5|5|5|5|5|5|5,212,30,60
Frunza,Vlad,1234567890123,2024-10-01,5.5|5.5|5.5|5.5|5.5|5.5|5.5|5.5,212,30,60
Rotaru,Igor,1234567890123,2024-10-01,6.5|6.5|6.5|6.5|6.5|6.5|6.5|6.58,212,30,60
Marinovich,Lesha,1234567890123,2024-10-01,8|8|8|8|8|8|8|8,212,30,60
Figus,Olga,1234567890123,2024-10-01,8|8|8|8|8|8|8|8,212,30,60
asd,asd,1234567890123,2024-10-01,5|5|5|5|5|5|5|5,211,10,10
das,das,1234567890123,2024-10-01,5|4|4|5|5|5|5|5,211,10,10
Caragheaur,Stas,1231231230123,2005-04-01,5|5|5|5|5|5|5|1,2112,10,15
